./pre_img\170010107024\1700101070241.png 1209 1305 2503 3011
./pre_img\170010107024\17001010702410.png 1173 1291 2352 2952
./pre_img\170010107024\17001010702411.png 1119 1257 2346 2959
./pre_img\170010107024\17001010702412.png 1172 1245 2313 2889
./pre_img\170010107024\17001010702413.png 1068 1203 2307 2912
./pre_img\170010107024\17001010702414.png 1096 1230 2306 2891
./pre_img\170010107024\17001010702415.png 1016 1233 2219 2811
./pre_img\170010107024\17001010702416.png 1009 1190 2234 2817
./pre_img\170010107024\17001010702417.png 1009 1154 2266 2795
./pre_img\170010107024\17001010702418.png 1110 1098 2339 2789
./pre_img\170010107024\17001010702419.png 1088 1066 2309 2748
./pre_img\170010107024\1700101070242.png 1249 1265 2487 2982
./pre_img\170010107024\17001010702420.png 1125 947 2435 2742
./pre_img\170010107024\17001010702421.png 971 963 2287 2713
./pre_img\170010107024\17001010702422.png 963 1027 2254 2705
./pre_img\170010107024\17001010702423.png 943 1010 2261 2699
./pre_img\170010107024\17001010702424.png 1066 1047 2312 2755
./pre_img\170010107024\17001010702425.png 1059 1027 2318 2751
./pre_img\170010107024\17001010702426.png 1027 1039 2278 2720
./pre_img\170010107024\17001010702427.png 995 970 2349 2773
./pre_img\170010107024\17001010702428.png 1032 964 2340 2728
./pre_img\170010107024\17001010702429.png 998 955 2317 2715
./pre_img\170010107024\1700101070243.png 1193 1264 2456 3025
./pre_img\170010107024\17001010702430.png 1034 1030 2279 2766
./pre_img\170010107024\17001010702431.png 1013 1110 2291 2789
./pre_img\170010107024\17001010702432.png 1085 1131 2327 2809
./pre_img\170010107024\17001010702433.png 1080 1136 2320 2828
./pre_img\170010107024\17001010702434.png 1080 1090 2310 2766
./pre_img\170010107024\17001010702435.png 1061 1074 2307 2758
./pre_img\170010107024\17001010702436.png 996 1022 2276 2769
./pre_img\170010107024\17001010702437.png 1025 1001 2314 2750
./pre_img\170010107024\17001010702438.png 1059 1070 2297 2757
./pre_img\170010107024\17001010702439.png 1026 1120 2237 2790
./pre_img\170010107024\1700101070244.png 1210 1298 2447 2974
./pre_img\170010107024\17001010702440.png 1028 1103 2246 2748
./pre_img\170010107024\1700101070245.png 1214 1303 2471 2993
./pre_img\170010107024\1700101070246.png 1181 1319 2451 3024
./pre_img\170010107024\1700101070247.png 1147 1296 2428 3020
./pre_img\170010107024\1700101070248.png 1106 1317 2355 3005
./pre_img\170010107024\1700101070249.png 1158 1271 2367 2980
./pre_img\170010107040\1700101070401.png 1257 1222 1813 1916
./pre_img\170010107040\17001010704010.png 1060 1169 1622 1827
./pre_img\170010107040\17001010704011.png 1036 1139 1585 1852
./pre_img\170010107040\17001010704012.png 1016 1168 1610 1878
./pre_img\170010107040\17001010704013.png 932 1099 1553 1879
./pre_img\170010107040\17001010704014.png 917 1124 1525 1847
./pre_img\170010107040\17001010704015.png 910 1086 1491 1851
./pre_img\170010107040\17001010704016.png 867 1153 1499 1930
./pre_img\170010107040\17001010704017.png 866 1127 1494 1922
./pre_img\170010107040\17001010704018.png 879 1141 1511 1931
./pre_img\170010107040\17001010704019.png 849 1150 1478 1945
./pre_img\170010107040\1700101070402.png 1245 1231 1800 1908
./pre_img\170010107040\17001010704020.png 828 1179 1453 1956
./pre_img\170010107040\17001010704021.png 1064 1158 1806 2079
./pre_img\170010107040\17001010704022.png 1098 1123 1831 2071
./pre_img\170010107040\17001010704023.png 1126 1193 1834 2069
./pre_img\170010107040\17001010704024.png 1117 1149 1858 2091
./pre_img\170010107040\17001010704025.png 1121 1148 1859 2091
./pre_img\170010107040\17001010704026.png 1106 1138 1858 2097
./pre_img\170010107040\17001010704027.png 1119 1180 1856 2042
./pre_img\170010107040\17001010704028.png 1130 1148 1880 2056
./pre_img\170010107040\17001010704029.png 1146 1139 1889 2009
./pre_img\170010107040\1700101070403.png 1254 1244 1798 1908
./pre_img\170010107040\17001010704030.png 1185 1118 1924 2017
./pre_img\170010107040\17001010704031.png 1207 1101 1933 2001
./pre_img\170010107040\17001010704032.png 1188 1051 1929 1994
./pre_img\170010107040\17001010704033.png 1151 1085 1932 2037
./pre_img\170010107040\17001010704034.png 1126 1063 1910 2018
./pre_img\170010107040\17001010704035.png 1132 1044 1919 1984
./pre_img\170010107040\17001010704036.png 1126 988 1953 2038
./pre_img\170010107040\17001010704037.png 1164 967 1984 2044
./pre_img\170010107040\17001010704038.png 1134 1039 1997 2131
./pre_img\170010107040\17001010704039.png 1091 1077 1942 2171
./pre_img\170010107040\1700101070404.png 1231 1237 1760 1873
./pre_img\170010107040\17001010704040.png 1142 1096 2003 2193
./pre_img\170010107040\17001010704041.png 1093 753 1859 1733
./pre_img\170010107040\17001010704042.png 1080 759 1846 1738
./pre_img\170010107040\17001010704043.png 1109 754 1848 1696
./pre_img\170010107040\17001010704044.png 1104 761 1891 1748
./pre_img\170010107040\17001010704045.png 1161 814 1905 1724
./pre_img\170010107040\17001010704046.png 1201 752 1972 1750
./pre_img\170010107040\17001010704047.png 1260 734 2025 1708
./pre_img\170010107040\17001010704048.png 1317 753 2081 1698
./pre_img\170010107040\17001010704049.png 1323 784 2095 1723
./pre_img\170010107040\1700101070405.png 1201 1189 1737 1864
./pre_img\170010107040\17001010704050.png 1193 816 1968 1756
./pre_img\170010107040\17001010704051.png 1155 828 1913 1769
./pre_img\170010107040\17001010704052.png 1121 765 1937 1779
./pre_img\170010107040\17001010704053.png 1168 742 1970 1739
./pre_img\170010107040\17001010704054.png 1234 766 2084 1803
./pre_img\170010107040\17001010704055.png 1272 746 2122 1795
./pre_img\170010107040\17001010704056.png 1348 748 2193 1787
./pre_img\170010107040\17001010704057.png 1316 796 2167 1811
./pre_img\170010107040\17001010704058.png 1326 793 2168 1813
./pre_img\170010107040\17001010704059.png 1260 864 2048 1844
./pre_img\170010107040\1700101070406.png 1168 1185 1729 1865
./pre_img\170010107040\17001010704060.png 1215 872 2042 1880
./pre_img\170010107040\17001010704061.png 869 1337 1940 2652
./pre_img\170010107040\17001010704062.png 869 1335 1943 2653
./pre_img\170010107040\17001010704063.png 870 1342 1952 2664
./pre_img\170010107040\17001010704064.png 922 1405 1948 2693
./pre_img\170010107040\17001010704065.png 907 1407 1990 2701
./pre_img\170010107040\17001010704066.png 970 1392 2050 2709
./pre_img\170010107040\17001010704067.png 1057 1413 2173 2770
./pre_img\170010107040\17001010704068.png 1119 1475 2167 2725
./pre_img\170010107040\17001010704069.png 1147 1429 2219 2697
./pre_img\170010107040\1700101070407.png 1135 1135 1691 1826
./pre_img\170010107040\17001010704070.png 1176 1358 2312 2723
./pre_img\170010107040\17001010704071.png 1208 1347 2306 2636
./pre_img\170010107040\17001010704072.png 1145 1251 2322 2711
./pre_img\170010107040\17001010704073.png 1109 1301 2296 2733
./pre_img\170010107040\17001010704074.png 1052 1298 2225 2741
./pre_img\170010107040\17001010704075.png 914 1312 2024 2692
./pre_img\170010107040\17001010704076.png 848 1306 1956 2692
./pre_img\170010107040\17001010704077.png 837 1361 1958 2712
./pre_img\170010107040\17001010704078.png 746 1275 1871 2704
./pre_img\170010107040\17001010704079.png 728 1340 1875 2745
./pre_img\170010107040\1700101070408.png 1117 1121 1692 1836
./pre_img\170010107040\17001010704080.png 753 1297 1913 2744
./pre_img\170010107040\1700101070409.png 1084 1147 1646 1813
